1204020.160000
709128.960000
500067.840000
269691.520000
287703.680000
684382.080000
2336268.800000
1240559.360000
839072.960000
491202.240000
300510.080000
410639.040000
4603465.920000
2496950.080000
1744524.160000
1124161.280000
752784.000000
576488.000000
1143810.880000
738018.240000
440864.640000
253246.400000
275661.440000
279623.040000
2267468.160000
1277464.640000
892525.120000
552097.920000
293552.960000
351248.000000
4514012.800000
2535552.960000
1691277.760000
1088558.080000
729436.800000
793102.720000
2302089.920000
10519496.640000
34121318.400000
59337437.760000
94571292.160000
92738439.360000
3322183.040000
13440719.360000
54002808.960000
100745187.520000
152769550.080000
185117982.080000
6305580.480000
57801629.440000
113782452.480000
211514435.840000
276399044.480000
340840521.280000
1523644.800000
1050017.600000
1025792.000000
1215011.520000
1073890.240000
928064.000000
2572640.000000
2285263.360000
2533888.960000
2933211.520000
2469663.360000
2004606.080000
5427160.320000
4337083.520000
3313750.720000
4704523.840000
4007317.440000
2946368.320000
1246280.960000
669005.120000
437227.200000
278539.520000
215620.160000
382955.840000
2396138.880000
1232576.640000
713436.160000
392727.040000
271530.560000
290371.840000
4710845.760000
2476540.480000
1431558.720000
807991.680000
532941.760000
508841.280000
1291362.880000
673997.120000
426818.560000
249379.840000
281393.920000
390544.640000
2248696.000000
1206081.600000
923138.240000
494523.520000
338592.000000
651284.480000
4548137.600000
2391274.240000
1720737.280000
1074390.080000
731053.760000
621144.000000
