1240251.840000
797421.440000
462464.320000
273106.880000
279621.440000
297031.040000
2322173.440000
1385410.240000
843122.240000
470458.560000
299117.760000
702385.600000
4761275.520000
2607179.840000
1692488.000000
1119687.360000
748734.080000
579829.440000
1155511.360000
668760.960000
419094.400000
259031.680000
275096.320000
1456967.680000
2471244.160000
1230655.040000
898965.120000
486530.560000
294442.560000
466551.680000
4680184.000000
2421464.000000
1668316.800000
1074844.800000
738368.640000
728935.040000
2273135.040000
8550966.400000
34700039.680000
52236393.920000
94912728.320000
108181109.440000
3374016.640000
19152848.640000
56913172.800000
100944530.240000
148656834.240000
186368132.800000
6421343.040000
54306312.960000
127538014.080000
208684531.840000
274671848.960000
374969273.920000
1453472.000000
1061328.320000
1031287.680000
1226822.080000
1075288.640000
919720.000000
2533335.040000
2209075.520000
2220977.280000
2853776.640000
2622012.800000
2030953.920000
5144533.760000
3203518.400000
4087273.920000
4693160.640000
3947131.520000
2992366.080000
1313932.160000
665586.880000
435646.400000
280742.720000
211313.280000
381569.280000
2380044.800000
1277865.600000
704303.040000
413464.960000
268651.520000
347495.360000
4689223.360000
2441965.120000
1319994.240000
784634.240000
528503.680000
405444.800000
1177182.720000
680350.400000
434662.720000
237362.880000
362090.560000
395100.800000
2269881.280000
1239413.760000
817988.800000
501261.440000
338181.120000
353267.840000
4571166.720000
2414114.240000
1534889.920000
1067587.840000
725533.120000
625268.160000
