1189060.320000
735646.480000
433091.040000
251172.960000
207117.920000
255651.440000
2235317.480000
1219522.520000
814065.640000
461667.480000
293286.240000
223498.560000
4365055.120000
2366591.840000
1510228.200000
1026362.960000
598159.320000
512681.120000
1112563.240000
673144.800000
443068.600000
240509.680000
180200.640000
239607.560000
2216398.200000
1299207.360000
789722.280000
452236.200000
286738.760000
210979.880000
4299644.720000
2353590.800000
1483309.000000
1018483.280000
610904.600000
458925.960000
2158081.720000
11430232.160000
24467651.480000
53336901.720000
101571256.000000
124716569.600000
3060824.720000
17668830.800000
51373854.760000
91425851.520000
171760633.760000
211967778.720000
5844466.840000
46274768.000000
120363457.800000
188411745.280000
362226437.160000
434270911.120000
1369817.640000
923335.480000
849782.320000
787864.920000
852295.360000
840104.480000
2501571.000000
2153978.760000
2152469.480000
1772625.000000
1807662.080000
1740051.560000
4828190.440000
3907604.840000
3466849.760000
3103423.160000
3538797.520000
3078933.040000
1194725.880000
666973.200000
447524.280000
261179.520000
189234.600000
199349.760000
2231308.360000
1251976.040000
658009.440000
360128.080000
208768.560000
199345.880000
4444169.440000
2310372.000000
1292892.560000
770859.360000
435771.880000
374217.080000
1113098.320000
654652.280000
393086.960000
220597.280000
183990.880000
241725.080000
2131804.000000
1173983.960000
805523.280000
458277.360000
294846.520000
227354.400000
4269458.480000
2292199.480000
1485139.720000
950814.320000
575108.720000
499010.520000
