1208845.760000
717505.120000
475773.120000
267405.280000
277003.360000
10831865.600000
2324752.960000
1397962.720000
934414.080000
488150.560000
314540.000000
10874094.240000
4595229.440000
2518577.440000
1548639.680000
1193423.680000
677106.400000
11271174.400000
1148382.720000
661084.480000
430287.520000
263384.000000
266120.000000
10762087.680000
2450279.360000
1237092.000000
886605.120000
496063.040000
337874.560000
10943257.920000
4463472.480000
2452170.560000
1668753.920000
1090646.400000
733868.000000
11243492.480000
2567169.440000
6924280.320000
29519471.680000
61456483.680000
93039954.400000
109536482.240000
3316760.320000
10927839.040000
54377429.760000
103818428.960000
121510739.680000
172799512.000000
6342551.360000
44608475.520000
129098851.360000
225970032.000000
290352816.640000
386694204.800000
1348456.960000
818432.640000
1070337.120000
1177275.200000
1019633.920000
11447589.600000
2868469.440000
1697255.520000
2552946.720000
2771919.200000
2524529.920000
12443230.880000
5361843.680000
3522254.880000
3957887.200000
4628556.320000
3692324.640000
13437690.720000
1295167.520000
676784.480000
469032.480000
276402.720000
216528.320000
10770378.240000
2394008.640000
1266484.160000
736640.000000
390134.720000
271217.760000
10921855.360000
4756867.200000
2554560.320000
1429368.320000
831878.400000
530458.720000
11232363.360000
1193771.200000
673759.680000
432667.040000
247153.760000
269493.920000
10765504.160000
2272890.560000
1400649.920000
906024.000000
491172.960000
311327.040000
10994709.760000
4541549.600000
2762602.080000
1542503.360000
1090808.800000
727241.280000
11268261.120000
