1394179.200000
704977.600000
441936.640000
253865.920000
210252.160000
376287.360000
2580882.240000
1247630.080000
850558.400000
483624.640000
315795.520000
401201.280000
4596666.240000
2488824.000000
1661195.520000
1134861.440000
760781.440000
575561.920000
1145864.320000
659926.720000
398821.760000
257797.120000
264706.240000
794890.880000
2285020.480000
1219058.560000
825714.560000
482737.920000
293309.440000
566979.520000
4486160.960000
2417579.520000
1545167.040000
1129700.800000
737947.840000
576975.360000
2300304.320000
8105263.360000
31933953.920000
60814814.400000
81866995.200000
101922103.360000
3332595.840000
22330251.520000
58129969.600000
87152725.440000
156210846.400000
183695241.280000
6328663.360000
22240482.880000
78364401.920000
147748696.640000
292922252.800000
357526514.880000
1490568.320000
1072444.800000
1043620.480000
1199158.720000
1064561.280000
1057371.520000
2547763.840000
2264211.520000
2537764.800000
2849788.800000
2569323.520000
2080237.120000
5202883.520000
4110861.440000
4070183.680000
4710836.160000
3864603.840000
2944459.520000
1233215.040000
694234.560000
432819.840000
280234.560000
211728.960000
337073.600000
2394766.080000
1236784.960000
673953.920000
387961.280000
270455.040000
289667.840000
4730359.360000
2451160.000000
1385178.880000
754572.800000
530901.760000
401786.560000
1182021.120000
671794.880000
449673.920000
241730.560000
190010.880000
750118.400000
2558044.480000
1225859.840000
831155.840000
498620.800000
288867.520000
620448.640000
4523268.800000
2408272.640000
1544348.160000
1082823.040000
724215.680000
563823.040000
